0000078933613 00001
0000078935396 00001
0000078940567 00001
0047400179240 00001
0079400052926 00001
0079400301161 00001
0097298013010 00001
3662042000058 00001
4005808189342 00001
4005808189625 00001
4005808369621 00001
4005808569878 00001
4005808631322 00001
4005808837311 00001
4005900036728 00001
4005900130785 00001
4005900160195 00001
4005900328472 00001
4005900380975 00001
4005900493941 00001
4005900493996 00001
4005900687241 00001
4005900707536 00001
5055116606801 00001
5055116606863 00001
5702191007961 00001
5702191025637 00001
5702191025644 00001
6920354822223 00001
7500435118583 00001
7500435125383 00001
7500435125451 00001
7500435125475 00001
7500435125482 00001
7500435125499 00001
7500435135078 00001
7500435136501 00001
7500435141819 00001
7500435143226 00001
7500435145152 00001
7500435146913 00001
7500435146920 00001
7500435150286 00001
7500435154307 00001
7500435177450 00001
7501006731132 00001
7501009224174 00001
7506195167281 00001
7506295338901 00001
7506309889368 00001
7506339394795 00001
7702018001071 00001
7702018072392 00001
7702018382330 00001
7751493008310 00001
7791293022598 00001
7795320050127 00001
7798140251958 00001
7890271435785 00001
7890704810738 00001
7891000035610 00001
7891000035634 00001
7891000096482 00001
7891008115840 00001
7891010010577 00001
7891010026264 00001
7891010030094 00001
7891010030452 00001
7891010031350 00001
7891010248123 00001
7891010248154 00001
7891010248260 00001
7891010248376 00001
7891010248383 00001
7891010503260 00001
7891010503505 00001
7891010506513 00001
7891010510978 00001
7891010579265 00001
7891010581800 00001
7891010601164 00001
7891010694586 00001
7891010795542 00001
7891010804589 00001
7891010814953 00001
7891010877507 00001
7891010878016 00001
7891010917715 00001
7891024030806 00001
7891024042113 00001
7891024114216 00001
7891024174180 00001
7891025107842 00001
7891025113201 00001
7891045031257 00001
7891055323960 00001
7891055340226 00001
7891055627501 00001
7891055638620 00001
7891055639528 00001
7891055813706 00001
7891058003562 00001
7891058003579 00001
7891058004347 00001
7891058004668 00001
7891058004675 00001
7891058006716 00001
7891058009458 00001
7891058011499 00001
7891058015756 00001
7891058021498 00001
7891058021566 00001
7891058021573 00001
7891058021689 00001
7891058168049 00001
7891058489038 00001
7891106904582 00001
7891106906043 00001
7891106906074 00001
7891106907002 00001
7891106907057 00001
7891106911337 00001
7891142115126 00001
7891142115478 00001
7891142128096 00001
7891142128133 00001
7891142128249 00001
7891142141279 00001
7891142141293 00001
7891142142214 00001
7891142142221 00001
7891142142283 00001
7891142142290 00001
7891142171733 00001
7891142171757 00001
7891150006072 00001
7891150008953 00001
7891150014107 00001
7891150017344 00001
7891150017375 00001
7891150019508 00001
7891150025967 00001
7891150025981 00001
7891150028647 00001
7891150034952 00001
7891150037342 00001
7891150037502 00001
7891150037519 00001
7891150037595 00001
7891150044173 00001
7891150053755 00001
7891150053762 00001
7891150053779 00001
7891150055872 00001
7891150057487 00001
7891150060142 00001
7891150060166 00001
7891150060289 00001
7891150060722 00001
7891150060883 00001
7891150063457 00001
7891150068735 00001
7891182016247 00001
7891182016711 00001
7891182016728 00001
7891182026710 00001
7891182036634 00001
7891182840200 00001
7891182840323 00001
7891182850025 00001
7891268118001 00001
7891268402018 00001
7891268404029 00001
7891317000295 00001
7891317001568 00001
7891317001940 00001
7891317001964 00001
7891317003210 00001
7891317004323 00001
7891317005351 00001
7891317007829 00001
7891317103323 00001
7891317140458 00001
7891317144166 00001
7891317412524 00001
7891317412555 00001
7891317431358 00001
7891317432362 00001
7891317435943 00001
7891317436148 00001
7891317443931 00001
7891317448936 00001
7891317457211 00001
7891317460532 00001
7891317465650 00001
7891317485153 00001
7891317485801 00001
7891350011623 00001
7891350034615 00001
7891350035070 00001
7891528038704 00001
7891721015366 00001
7891721020049 00001
7891721020094 00001
7891721020520 00001
7891721023965 00001
7891721027451 00001
7891721028335 00001
7891721238079 00001
7891800000658 00001
7891800364804 00001
7891800365856 00001
7891800637724 00001
7891899083082 00001
7892828000019 00001
7892828001337 00001
7892953001370 00001
7893454100685 00001
7893454103914 00001
7893454103921 00001
7893454714325 00001
7893736013689 00001
7894164001163 00001
7894164003761 00001
7894164005390 00001
7894164005857 00001
7894164005932 00001
7894650937679 00001
7894650938898 00001
7894913000935 00001
7894913002786 00001
7894916140478 00001
7894916142052 00001
7894916144971 00001
7894916145800 00001
7894916208833 00001
7894916341318 00001
7894916500296 00001
7894916500333 00001
7894916500418 00001
7894916501415 00001
7894916501668 00001
7894916501804 00001
7894916503402 00001
7894916505215 00001
7894916507912 00001
7894916507936 00001
7894916507950 00001
7894916508346 00001
7894916508506 00001
7894916508513 00001
7894916508988 00001
7894916509305 00001
7894916509985 00001
7894916512022 00001
7894916512060 00001
7894916550086 00001
7894916550116 00001
7895296128162 00001
7895296258012 00001
7895296281034 00001
7895296282017 00001
7895296288026 00001
7895296296021 00001
7895296323017 00001
7895296444040 00001
7895454185068 00001
7895454815125 00001
7895858017149 00001
7895858017156 00001
7896000672704 00001
7896000705983 00001
7896000706027 00001
7896000706072 00001
7896000706836 00001
7896000712738 00001
7896000712837 00001
7896000717658 00001
7896000726407 00001
7896004700311 00001
7896004700403 00001
7896004700564 00001
7896004700991 00001
7896004701035 00001
7896004701288 00001
7896004702032 00001
7896004703381 00001
7896004703480 00001
7896004704616 00001
7896004705347 00001
7896004705583 00001
7896004706368 00001
7896004706573 00001
7896004706764 00001
7896004707570 00001
7896004708973 00001
7896004709307 00001
7896004710860 00001
7896004711454 00001
7896004711850 00001
7896004712741 00001
7896004713922 00001
7896004715032 00001
7896004715537 00001
7896004715599 00001
7896004715766 00001
7896004717999 00001
7896004720784 00001
7896004723020 00001
7896004723563 00001
7896004725666 00001
7896004726069 00001
7896004726908 00001
7896004727363 00001
7896004727448 00001
7896004728261 00001
7896004728766 00001
7896004728834 00001
7896004730172 00001
7896004730196 00001
7896004743745 00001
7896004744957 00001
7896004746012 00001
7896004756738 00001
7896004761657 00001
7896004772301 00001
7896004772318 00001
7896004800851 00001
7896004810188 00001
7896004817590 00001
7896006207276 00001
7896006208266 00001
7896006214946 00001
7896006225010 00001
7896006226208 00001
7896006247319 00001
7896006255000 00001
7896006267010 00001
7896006272724 00001
7896006290117 00001
7896006290209 00001
7896006290216 00001
7896006290629 00001
7896007541867 00001
7896007546039 00001
7896007547203 00001
7896007547975 00001
7896007549542 00001
7896007549559 00001
7896007550890 00001
7896007550951 00001
7896007551095 00001
7896010171297 00001
7896010174052 00001
7896013565734 00001
7896013569817 00001
7896015527433 00001
7896015591953 00001
7896015591977 00001
7896016804915 00001
7896016804939 00001
7896017710154 00001
7896018700314 00001
7896018700710 00001
7896018704169 00001
7896020160083 00001
7896020160090 00001
7896020161042 00001
7896023719899 00001
7896026300162 00001
7896026300216 00001
7896026302432 00001
7896033201926 00001
7896033201933 00001
7896033203340 00001
7896033221016 00001
7896033221191 00001
7896033232661 00001
7896033241410 00001
7896033241779 00001
7896033270014 00001
7896033270038 00001
7896044936916 00001
7896044956365 00001
7896044997740 00001
7896046703165 00001
7896046703172 00001
7896061995927 00001
7896061996603 00001
7896067200032 00001
7896070600249 00001
7896070600447 00001
7896070601765 00001
7896070601796 00001
7896070601895 00001
7896075707158 00001
7896075757757 00001
7896075757764 00001
7896075758976 00001
7896075759140 00001
7896085813467 00001
7896085833243 00001
7896085864315 00001
7896085865282 00001
7896085866067 00001
7896085868573 00001
7896090611607 00001
7896094201064 00001
7896094201248 00001
7896094202900 00001
7896094207844 00001
7896094207851 00001
7896094208094 00001
7896094208117 00001
7896094208278 00001
7896094901148 00001
7896094903067 00001
7896094906594 00001
7896094915060 00001
7896094916555 00001
7896094917989 00001
7896098804216 00001
7896098804797 00001
7896098805084 00001
7896104994061 00001
7896111978795 00001
7896112101710 00001
7896112115151 00001
7896112132974 00001
7896112134213 00001
7896112140528 00001
7896112144816 00001
7896112144892 00001
7896112156482 00001
7896112196266 00001
7896112196846 00001
7896112197393 00001
7896112401209 00001
7896112401216 00001
7896112401285 00001
7896112424123 00001
7896112425328 00001
7896112448440 00001
7896148500624 00001
7896150014560 00001
7896150017271 00001
7896150017288 00001
7896150017295 00001
7896181907220 00001
7896181915171 00001
7896181916086 00001
7896181916222 00001
7896181916246 00001
7896202500980 00001
7896206402853 00001
7896206402860 00001
7896206407384 00001
7896212409457 00001
7896212428861 00001
7896212479924 00001
7896226102504 00001
7896227620199 00001
7896227800034 00001
7896241231616 00001
7896241231630 00001
7896261010055 00001
7896269694851 00001
7896269900037 00001
7896269900044 00001
7896279102650 00001
7896279102971 00001
7896279103787 00001
7896279111201 00001
7896279111270 00001
7896279113090 00001
7896279119443 00001
7896279119481 00001
7896279119535 00001
7896311708314 00001
7896311709489 00001
7896331700121 00001
7896331702835 00001
7896331702859 00001
7896331702958 00001
7896331703139 00001
7896331704730 00001
7896331704983 00001
7896331706550 00001
7896331706840 00001
7896331706925 00001
7896331707014 00001
7896342450756 00001
7896369126214 00001
7896369126917 00001
7896369162700 00001
7896369162731 00001
7896369162915 00001
7896422516877 00001
7896438206564 00001
7896438209534 00001
7896472502943 00001
7896472509843 00001
7896512900050 00001
7896512909190 00001
7896512911391 00001
7896512937919 00001
7896512937926 00001
7896512937988 00001
7896512942005 00001
7896522021783 00001
7896522035148 00001
7896522035360 00001
7896522035964 00001
7896522035971 00001
7896522036077 00001
7896523201627 00001
7896523206271 00001
7896523206868 00001
7896523224534 00001
7896544900103 00001
7896548113059 00001
7896548113479 00001
7896548139585 00001
7896548140581 00001
7896548168745 00001
7896548198162 00001
7896637017022 00001
7896637022552 00001
7896637023115 00001
7896637023146 00001
7896637023658 00001
7896637025102 00001
7896637025362 00001
7896637028417 00001
7896637028479 00001
7896637028523 00001
7896641801792 00001
7896641804380 00001
7896641805929 00001
7896641805936 00001
7896641809026 00001
7896658001178 00001
7896658001901 00001
7896658001918 00001
7896658001925 00001
7896658002700 00001
7896658003523 00001
7896658003561 00001
7896658003653 00001
7896658004896 00001
7896658004902 00001
7896658005145 00001
7896658005336 00001
7896658007255 00001
7896658008115 00001
7896658008122 00001
7896658010286 00001
7896658011412 00001
7896658012303 00001
7896658021640 00001
7896658026195 00001
7896658026546 00001
7896658026850 00001
7896658027796 00001
7896658027802 00001
7896658029806 00001
7896658034978 00001
7896658036057 00001
7896676408294 00001
7896676410198 00001
7896676427844 00001
7896676435214 00001
7896685300473 00001
7896685300497 00001
7896685301654 00001
7896685302095 00001
7896699008365 00001
7896699011983 00001
7896699013451 00001
7896699013512 00001
7896699013574 00001
7896699013796 00001
7896699013970 00001
7896699014151 00001
7896699016698 00001
7896699022781 00001
7896699022804 00001
7896699023146 00001
7896699024105 00001
7896699024747 00001
7896699025157 00001
7896699025225 00001
7896699025232 00001
7896699025508 00001
7896699026383 00001
7896699028820 00001
7896699031066 00001
7896699031073 00001
7896699031608 00001
7896699032285 00001
7896714200255 00001
7896714200750 00001
7896714203492 00001
7896714205861 00001
7896714210018 00001
7896714245478 00001
7896714255026 00001
7896714265766 00001
7896714268873 00001
7896714270036 00001
7896714273600 00001
7896714274188 00001
7896714274195 00001
7896714274232 00001
7896755400034 00001
7896755400041 00001
7896788000126 00001
7896862918675 00001
7896862960254 00001
7896902210035 00001
7896902210790 00001
7896902212497 00001
7896902217010 00001
7896902217317 00001
7896909700034 00001
7896909703707 00001
7897042010974 00001
7897042012329 00001
7897042012732 00001
7897042013715 00001
7897129301513 00001
7897161325027 00001
7897161325034 00001
7897161351033 00001
7897161352047 00001
7897161360059 00001
7897161390032 00001
7897161390322 00001
7897161397505 00001
7897169202733 00001
7897169203112 00001
7897169203303 00001
7897169204034 00001
7897169249646 00001
7897169250017 00001
7897211100406 00001
7897211100437 00001
7897230302171 00001
7897230302270 00001
7897230302454 00001
7897316801154 00001
7897316802335 00001
7897316804902 00001
7897316805558 00001
7897316805619 00001
7897322709734 00001
7897322709970 00001
7897322709987 00001
7897411610941 00001
7897460401415 00001
7897460401422 00001
7897517902469 00001
7897517903909 00001
7897517903923 00001
7897517908614 00001
7897517919955 00001
7897517932749 00001
7897517934200 00001
7897572006348 00001
7897595602589 00001
7897595605924 00001
7897595609854 00001
7897595614186 00001
7897595901309 00001
7897595901316 00001
7897595901330 00001
7897732604568 00001
7897917000505 00001
7897917001342 00001
7897947600317 00001
7897947600713 00001
7897947603783 00001
7897947610736 00001
7897947610958 00001
7897947611764 00001
7897947611979 00001
7897947612334 00001
7898009431276 00001
7898009431283 00001
7898009431290 00001
7898014566383 00001
7898029552128 00001
7898029552203 00001
7898037080460 00001
7898040320768 00001
7898040320928 00001
7898040321284 00001
7898040321512 00001
7898040322441 00001
7898040322540 00001
7898047200766 00001
7898049793730 00001
7898049795017 00001
7898049795260 00001
7898049795611 00001
7898060132310 00001
7898074618206 00001
7898075310901 00001
7898075311854 00001
7898075315746 00001
7898079000105 00001
7898096577031 00001
7898100240432 00001
7898118240264 00001
7898126050206 00001
7898126404306 00001
7898132980764 00001
7898132981723 00001
7898133139420 00001
7898146821633 00001
7898148290550 00001
7898166040434 00001
7898211381840 00001
7898211381888 00001
7898211382939 00001
7898216360161 00001
7898216360581 00001
7898277713173 00001
7898277713647 00001
7898283813461 00001
7898301057105 00001
7898301057556 00001
7898301059376 00001
7898303260374 00001
7898303261869 00001
7898336430607 00001
7898336430645 00001
7898336430652 00001
7898336430669 00001
7898336430683 00001
7898336430690 00001
7898336430713 00001
7898336430720 00001
7898336430829 00001
7898336430836 00001
7898336430843 00001
7898336430850 00001
7898336430874 00001
7898336430881 00001
7898336430928 00001
7898336431277 00001
7898336431284 00001
7898336431338 00001
7898336431437 00001
7898336431444 00001
7898336431550 00001
7898336431659 00001
7898336431666 00001
7898336431673 00001
7898336432380 00001
7898336432397 00001
7898336433189 00001
7898336433196 00001
7898336434032 00001
7898336434575 00001
7898336434582 00001
7898336434599 00001
7898336436135 00001
7898336436142 00001
7898336438054 00001
7898336438061 00001
7898336438078 00001
7898336438115 00001
7898336438122 00001
7898336438139 00001
7898336438177 00001
7898336438191 00001
7898336439709 00001
7898375153826 00001
7898378520328 00001
7898392800055 00001
7898392800161 00001
7898392800178 00001
7898392800277 00001
7898414852376 00001
7898416839900 00001
7898416839917 00001
7898421993574 00001
7898422745301 00001
7898430190995 00001
7898430191008 00001
7898442094700 00001
7898442094717 00001
7898442096285 00001
7898463292635 00001
7898463294585 00001
7898466607290 00001
7898489511086 00001
7898489512229 00001
7898495605908 00001
7898495609326 00001
7898497187204 00001
7898524344587 00001
7898524344907 00001
7898524346147 00001
7898524346246 00001
7898524348493 00001
7898524348509 00001
7898524348516 00001
7898524349445 00001
7898538970383 00001
7898557147643 00001
7898560664373 00001
7898575780587 00001
7898582380527 00001
7898583460020 00001
7898583460099 00001
7898585290090 00001
7898585290304 00001
7898585290601 00001
7898585291097 00001
7898587779562 00001
7898610076859 00001
7898610076958 00001
7898610076965 00001
7898612640539 00001
7898612645626 00001
7898623950764 00001
7898623950771 00001
7898623950870 00001
7898623951617 00001
7898623952430 00001
7898623953833 00001
7898623953840 00001
7898623954915 00001
7898636190324 00001
7898636190522 00001
7898636190577 00001
7898636190584 00001
7898639690418 00001
7898639691934 00001
7898658622438 00001
7898667730384 00001
7898668231347 00001
7898668232436 00001
7898903925680 00001
7898903925710 00001
7898903991517 00001
7898903991548 00001
7898906376434 00001
7898911306617 00001
7898911309076 00001
7898919412358 00001
7898920041592 00001
7898924486139 00001
7898944775053 00001
7898947385693 00001
7898949409625 00001
7898949409632 00001
7898949409922 00001
7898949409939 00001
7898954589091 00001
7898957390229 00001
7898960970258 00001
7898965762445 00001
7898994451228 00001
7899000978784 00001
7899026459748 00001
7899095202047 00001
7899095203556 00001
7899095204522 00001
7899095205291 00001
7899095230255 00001
7899095238299 00001
7899095241381 00001
7899095243125 00001
7899095243224 00001
7899095256453 00001
7899304808954 00001
7899470805849 00001
7899470805917 00001
7899470807416 00001
7899547500219 00001
7899547505122 00001
7899547508086 00001
7899547510126 00001
7899547514865 00001
7899620912687 00001
7899640807192 00001
7899640807277 00001
7899674020550 00001
7899706134132 00001
7899706149099 00001
7899706149402 00001
7899706159036 00001
7899706161886 00001
7899706170895 00001
7899706180344 00001
7899706180887 00001
7899811100213 00001
7899811100503 00001
7899811100787 00001
7899838832012 00001
7899898601535 00001
7899941200395 00001
7908048001429 00001
7908048001597 00001
8321084600033 00001
8321084600057 00001
8321084600064 00001
8321084600118 00001
8321084600125 00001
8321084600217 00001
8321084600224 00001
8321084600248 00001
8321084600255 00001
8321084600316 00001
8321084600323 00001
8321084600330 00001
8321084600361 00001
8321084600460 00001
8321084600477 00001
8321084600514 00001
8321084600521 00001
8715200813061 00001
0000042110200 00002
0000042389248 00002
0000075063559 00002
0000078900776 00002
0000078939165 00002
0000078939257 00002
0000078940734 00002
0650240018640 00002
0710535348279 00002
3014260019723 00002
3014260833176 00002
4005808311286 00002
4005808335435 00002
4005808840625 00002
4005808850839 00002
4005808934980 00002
4005900036759 00002
4005900122186 00002
4005900328465 00002
4005900453259 00002
4005900547170 00002
4005900663993 00002
4005900664006 00002
7500435004220 00002
7500435011303 00002
7500435024594 00002
7500435107754 00002
7500435125307 00002
7500435125390 00002
7500435125406 00002
7500435125468 00002
7500435128940 00002
7500435135023 00002
7500435135047 00002
7500435153072 00002
7500435153089 00002
7500435154222 00002
7501001133634 00002
7506195129111 00002
7506195142035 00002
7506195153574 00002
7506309805498 00002
7509546655017 00002
7509546656465 00002
7509546656670 00002
7509546665801 00002
7509546665818 00002
7613034968388 00002
7702018037865 00002
7791293022581 00002
7791293022819 00002
7791293033235 00002
7791969016036 00002
7890704851335 00002
7891000255544 00002
7891000258590 00002
7891000303115 00002
7891010030391 00002
7891010030476 00002
7891010036478 00002
7891010038892 00002
7891010041427 00002
7891010047184 00002
7891010099480 00002
7891010244484 00002
7891010247584 00002
7891010248086 00002
7891010501105 00002
7891010781668 00002
7891010886547 00002
7891010921194 00002
7891010980061 00002
7891024042120 00002
7891024114674 00002
7891024115107 00002
7891024115800 00002
7891024174135 00002
7891024174630 00002
7891024174685 00002
7891024183007 00002
7891033777358 00002
7891037010048 00002
7891037013629 00002
7891037144705 00002
7891055325803 00002
7891055430439 00002
7891055430538 00002
7891055430637 00002
7891055430835 00002
7891055435830 00002
7891055500903 00002
7891055813805 00002
7891058018238 00002
7891058018245 00002
7891058021528 00002
7891058431037 00002
7891058487096 00002
7891106001946 00002
7891134001710 00002
7891142115614 00002
7891142177056 00002
7891142177124 00002
7891142180773 00002
7891142201621 00002
7891142202833 00002
7891150007406 00002
7891150008809 00002
7891150008960 00002
7891150013919 00002
7891150017351 00002
7891150036390 00002
7891150037250 00002
7891150037397 00002
7891150037458 00002
7891150037465 00002
7891150037632 00002
7891150044197 00002
7891150044203 00002
7891150050075 00002
7891150050129 00002
7891150059924 00002
7891150060159 00002
7891150060180 00002
7891150060685 00002
7891150063105 00002
7891150063242 00002
7891150063440 00002
7891150064300 00002
7891150065291 00002
7891150065314 00002
7891150069626 00002
7891176111040 00002
7891176117608 00002
7891182850018 00002
7891317003067 00002
7891317008703 00002
7891317123956 00002
7891317124472 00002
7891317136468 00002
7891317172664 00002
7891317177676 00002
7891317412548 00002
7891317431334 00002
7891317432447 00002
7891317435936 00002
7891317448943 00002
7891317477271 00002
7891317478810 00002
7891317490003 00002
7891350034622 00002
7891350034639 00002
7891350034646 00002
7891350034943 00002
7891350034950 00002
7891350035063 00002
7891721010026 00002
7891721019944 00002
7891721020193 00002
7891721024481 00002
7891721026959 00002
7891721029639 00002
7891800346022 00002
7891800346053 00002
7891800386776 00002
7891899083129 00002
7892828001405 00002
7893454100654 00002
7894164000999 00002
7894164005406 00002
7894164005437 00002
7894164005901 00002
7894164005918 00002
7894913000904 00002
7894913001758 00002
7894913001857 00002
7894913002250 00002
7894913002755 00002
7894916146388 00002
7894916149808 00002
7894916208154 00002
7894916501736 00002
7894916502962 00002
7894916508353 00002
7894916512107 00002
7894916512770 00002
7894916513104 00002
7895296128124 00002
7895296261012 00002
7895296271042 00002
7895296275019 00002
7895296281010 00002
7895296285018 00002
7895296370011 00002
7896000704030 00002
7896000705969 00002
7896000716781 00002
7896000716804 00002
7896000716866 00002
7896000717436 00002
7896000722522 00002
7896000724762 00002
7896000727534 00002
7896004703404 00002
7896004703473 00002
7896004703565 00002
7896004704593 00002
7896004705408 00002
7896004705644 00002
7896004705736 00002
7896004706382 00002
7896004711539 00002
7896004712857 00002
7896004714714 00002
7896004715964 00002
7896004715971 00002
7896004716299 00002
7896004719597 00002
7896004721323 00002
7896004722177 00002
7896004722870 00002
7896004723365 00002
7896004725987 00002
7896004726694 00002
7896004726793 00002
7896004728568 00002
7896004729435 00002
7896004729442 00002
7896004734392 00002
7896004739595 00002
7896004752112 00002
7896004753218 00002
7896004755595 00002
7896004768465 00002
7896004772325 00002
7896004810140 00002
7896006201007 00002
7896006201014 00002
7896006209690 00002
7896006213734 00002
7896006245322 00002
7896006290988 00002
7896006292005 00002
7896007549696 00002
7896007551286 00002
7896010126075 00002
7896010170375 00002
7896010173055 00002
7896013500384 00002
7896013502166 00002
7896013516231 00002
7896013558163 00002
7896013568537 00002
7896013568544 00002
7896013568551 00002
7896013568575 00002
7896013569794 00002
7896013569800 00002
7896014123902 00002
7896015517045 00002
7896015518325 00002
7896015518875 00002
7896015519223 00002
7896015519636 00002
7896015521622 00002
7896015529093 00002
7896015560300 00002
7896015590932 00002
7896015590956 00002
7896016808302 00002
7896017708366 00002
7896017711076 00002
7896017717115 00002
7896018700307 00002
7896018700383 00002
7896018700604 00002
7896020153757 00002
7896020153962 00002
7896020153986 00002
7896020159285 00002
7896020159957 00002
7896020161011 00002
7896020161714 00002
7896020162636 00002
7896025507449 00002
7896026300186 00002
7896026302784 00002
7896026307277 00002
7896033270045 00002
7896033293815 00002
7896044928515 00002
7896044928539 00002
7896044952817 00002
7896044953579 00002
7896044997757 00002
7896049528512 00002
7896061990809 00002
7896061996610 00002
7896085865312 00002
7896090700141 00002
7896090700806 00002
7896094200432 00002
7896094901612 00002
7896094917460 00002
7896094919693 00002
7896098813201 00002
7896104993835 00002
7896112114413 00002
7896112126485 00002
7896112128915 00002
7896112141693 00002
7896112147794 00002
7896112149446 00002
7896112165538 00002
7896112182160 00002
7896112192084 00002
7896112194576 00002
7896112198000 00002
7896112401360 00002
7896112401476 00002
7896150017172 00002
7896186000452 00002
7896210500446 00002
7896212413560 00002
7896212415618 00002
7896222720887 00002
7896227800089 00002
7896229909605 00002
7896235353911 00002
7896241296400 00002
7896241296523 00002
7896255766456 00002
7896261018181 00002
7896269900068 00002
7896269900983 00002
7896273011002 00002
7896279104135 00002
7896279110037 00002
7896279119542 00002
7896311709083 00002
7896311709502 00002
7896316301008 00002
7896331703573 00002
7896331705140 00002
7896331705331 00002
7896331705577 00002
7896331706086 00002
7896331706161 00002
7896331706208 00002
7896331706253 00002
7896331706277 00002
7896331706321 00002
7896331706437 00002
7896331706499 00002
7896331707038 00002
7896331707083 00002
7896331707243 00002
7896342415694 00002
7896369126610 00002
7896422503709 00002
7896422505338 00002
7896422511087 00002
7896436900211 00002
7896438209329 00002
7896444210821 00002
7896444211446 00002
7896472502745 00002
7896472514267 00002
7896472515349 00002
7896512900043 00002
7896512911971 00002
7896512911988 00002
7896512936028 00002
7896512944221 00002
7896522036770 00002
7896522036817 00002
7896522036992 00002
7896523200231 00002
7896523200491 00002
7896523206691 00002
7896523216447 00002
7896523227269 00002
7896540766918 00002
7896548198247 00002
7896637023344 00002
7896637025096 00002
7896641802843 00002
7896641805479 00002
7896641805912 00002
7896658001666 00002
7896658001789 00002
7896658006395 00002
7896658006401 00002
7896658006760 00002
7896658007286 00002
7896672202681 00002
7896676432855 00002
7896676432916 00002
7896676433050 00002
7896685301661 00002
7896699001229 00002
7896699013291 00002
7896699015714 00002
7896699018623 00002
7896699018784 00002
7896699018807 00002
7896699023122 00002
7896699024082 00002
7896699024327 00002
7896699024365 00002
7896699024372 00002
7896699024754 00002
7896699025140 00002
7896699025317 00002
7896699025522 00002
7896699026376 00002
7896699026499 00002
7896699026512 00002
7896699029384 00002
7896699029988 00002
7896699029995 00002
7896699030281 00002
7896699030298 00002
7896699030717 00002
7896699031677 00002
7896714200064 00002
7896714215976 00002
7896714221083 00002
7896714226033 00002
7896714230245 00002
7896714236247 00002
7896714266558 00002
7896714273198 00002
7896714274010 00002
7896788000034 00002
7896806700045 00002
7896806700076 00002
7896830500505 00002
7896862910747 00002
7896902200692 00002
7896902211209 00002
7896902212510 00002
7896902212565 00002
7896902217003 00002
7896902231313 00002
7896920301685 00002
7896920301821 00002
7897042005215 00002
7897144600233 00002
7897161325010 00002
7897161351002 00002
7897161351019 00002
7897161390315 00002
7897169204041 00002
7897169204058 00002
7897230301761 00002
7897230302300 00002
7897230302799 00002
7897322701738 00002
7897322704593 00002
7897517902438 00002
7897517902506 00002
7897517907204 00002
7897517919900 00002
7897517924133 00002
7897572001923 00002
7897595602114 00002
7897595602503 00002
7897595602572 00002
7897595605900 00002
7897595900708 00002
7897595900715 00002
7897595901446 00002
7897595903273 00002
7897714901968 00002
7897917000031 00002
7897917000741 00002
7897947600324 00002
7897947607057 00002
7897947609891 00002
7897947610965 00002
7897947615106 00002
7897947616424 00002
7898009437728 00002
7898040320683 00002
7898040321390 00002
7898047200728 00002
7898048693260 00002
7898048697695 00002
7898049790395 00002
7898049792979 00002
7898049799398 00002
7898074614178 00002
7898074618183 00002
7898075315777 00002
7898075317948 00002
7898075317955 00002
7898079000358 00002
7898079000501 00002
7898085945049 00002
7898096577840 00002
7898100242955 00002
7898108612019 00002
7898108612026 00002
7898108612033 00002
7898126404177 00002
7898126404269 00002
7898133134456 00002
7898133136450 00002
7898133139239 00002
7898148291298 00002
7898148291540 00002
7898148293681 00002
7898148294435 00002
7898148298655 00002
7898157610066 00002
7898157610080 00002
7898216360635 00002
7898277710363 00002
7898283813478 00002
7898301056726 00002
7898301056740 00002
7898301056955 00002
7898303261425 00002
7898330222840 00002
7898330224356 00002
7898336430935 00002
7898342520552 00002
7898371190078 00002
7898378517328 00002
7898414850242 00002
7898414851577 00002
7898414852581 00002
7898414852598 00002
7898430192067 00002
7898442092454 00002
7898442093185 00002
7898463291430 00002
7898463296831 00002
7898463296985 00002
7898463297104 00002
7898495608985 00002
7898524345096 00002
7898524349438 00002
7898524349452 00002
7898566785966 00002
7898567750635 00002
7898569763015 00002
7898575780532 00002
7898575780549 00002
7898585290410 00002
7898585290427 00002
7898585290625 00002
7898585290632 00002
7898587778541 00002
7898602961484 00002
7898606740962 00002
7898610070314 00002
7898610072486 00002
7898612645602 00002
7898623951099 00002
7898623951167 00002
7898623951174 00002
7898623951266 00002
7898623956759 00002
7898632470390 00002
7898632470710 00002
7898636191048 00002
7898639301246 00002
7898650420551 00002
7898650422029 00002
7898658620557 00002
7898658620571 00002
7898667730056 00002
7898667730346 00002
7898667730414 00002
7898668230012 00002
7898680890041 00002
7898680890218 00002
7898903925819 00002
7898910761486 00002
7898914221306 00002
7898919411917 00002
7898919411924 00002
7898919411931 00002
7898919412327 00002
7898919412341 00002
7898924640043 00002
7898934966478 00002
7898939082562 00002
7898939082579 00002
7898940257416 00002
7898949409465 00002
7898965762421 00002
7898965762452 00002
7898965762469 00002
7898965762476 00002
7898965762582 00002
7898968070202 00002
7898968070219 00002
7898968070257 00002
7898968070264 00002
7898968070271 00002
7898968070318 00002
7898994532989 00002
7899000478697 00002
7899000478703 00002
7899000478819 00002
7899000478925 00002
7899026420571 00002
7899026459960 00002
7899026483446 00002
7899095200456 00002
7899095201224 00002
7899095201934 00002
7899095202146 00002
7899095202306 00002
7899095202740 00002
7899095203426 00002
7899095203518 00002
7899095204980 00002
7899095205420 00002
7899095220300 00002
7899095220751 00002
7899095235083 00002
7899095238312 00002
7899095239555 00002
7899095249639 00002
7899304803904 00002
7899470801414 00002
7899547501469 00002
7899547505436 00002
7899547507393 00002
7899547510911 00002
7899547511536 00002
7899547513202 00002
7899547515022 00002
7899547520408 00002
7899547530841 00002
7899547532722 00002
7899547532739 00002
7899620914674 00002
7899674022011 00002
7899674024312 00002
7899700800453 00002
7899700800460 00002
7899706139038 00002
7899706149822 00002
7899706152105 00002
7899706152129 00002
7899706170833 00002
7899706170857 00002
7899706178754 00002
7899706180924 00002
7899706180962 00002
7899732103300 00002
7899785200612 00002
7899785200810 00002
7899811100190 00002
7899811100206 00002
7899884204771 00002
8321084600040 00002
8321084600132 00002
8321084600149 00002
8321084600156 00002
8321084600378 00002
8321084600385 00002
8321084600392 00002
8321084600408 00002
8321084600569 00002
8321084600606 00002
0000042360407 00003
0000042398004 00003
0000078924239 00003
0000078931633 00003
0000078940741 00003
0020800600330 00003
4005808257553 00003
4005808257584 00003
4005808555307 00003
4005808850617 00003
4005900036667 00003
4005900200204 00003
4005900396938 00003
4005900398598 00003
4005900647481 00003
4005900647498 00003
4005900696809 00003
4015630064250 00003
6920354824395 00003
7500435014359 00003
7500435127233 00003
7500435128742 00003
7500435128926 00003
7500435137737 00003
7500435140515 00003
7500435140539 00003
7500435140546 00003
7500435140928 00003
7500435150279 00003
7501001133627 00003
7501007457789 00003
7501009222729 00003
7506309865393 00003
7590002023228 00003
7613034968364 00003
7702010631207 00003
7702018874729 00003
7791293022567 00003
7791293032443 00003
7791293032467 00003
7791293032498 00003
7791293033242 00003
7795304000056 00003
7891000056523 00003
7891000056615 00003
7891000062760 00003
7891000071625 00003
7891000097649 00003
7891000106099 00003
7891000109908 00003
7891010005757 00003
7891010015268 00003
7891010030889 00003
7891010032241 00003
7891010042950 00003
7891010087722 00003
7891010249953 00003
7891010916930 00003
7891010973902 00003
7891010980085 00003
7891024031384 00003
7891037645653 00003
7891055300121 00003
7891058019365 00003
7891058464073 00003
7891060679724 00003
7891060773071 00003
7891060773125 00003
7891060836288 00003
7891060846379 00003
7891104393104 00003
7891106913966 00003
7891106914062 00003
7891142165770 00003
7891150037526 00003
7891150059849 00003
7891150069602 00003
7891182006873 00003
7891182016421 00003
7891182021029 00003
7891182840019 00003
7891317120849 00003
7891317177645 00003
7891317465049 00003
7891317465667 00003
7891350034929 00003
7891350035049 00003
7891721019890 00003
7891721201806 00003
7891800000696 00003
7891800000955 00003
7891800000979 00003
7891800341935 00003
7891800364781 00003
7891800364798 00003
7891800364873 00003
7891800628364 00003
7891899082238 00003
7893454100661 00003
7893454100708 00003
7893454100715 00003
7894164005413 00003
7894164005420 00003
7894164005444 00003
7894164005802 00003
7894164006748 00003
7894650013380 00003
7894650130087 00003
7894916143004 00003
7894916146425 00003
7894916512787 00003
7894916550031 00003
7895296052016 00003
7895296240031 00003
7895296259019 00003
7895296261036 00003
7896000706010 00003
7896004702735 00003
7896004702742 00003
7896004704265 00003
7896004706375 00003
7896004706474 00003
7896004708058 00003
7896004709031 00003
7896004711874 00003
7896004720241 00003
7896004726502 00003
7896004727240 00003
7896004730059 00003
7896004732930 00003
7896004737423 00003
7896004755151 00003
7896004756875 00003
7896004762319 00003
7896004768588 00003
7896004803463 00003
7896004810225 00003
7896004810232 00003
7896004817576 00003
7896004818993 00003
7896006207269 00003
7896006212584 00003
7896006257929 00003
7896006270508 00003
7896006290070 00003
7896006290100 00003
7896006290162 00003
7896007541850 00003
7896007550814 00003
7896007550906 00003
7896009400049 00003
7896012800836 00003
7896013504009 00003
7896015526252 00003
7896015528294 00003
7896017710048 00003
7896017712042 00003
7896018700338 00003
7896018700369 00003
7896018700741 00003
7896018700789 00003
7896018704152 00003
7896020153788 00003
7896020159261 00003
7896020160069 00003
7896020161028 00003
7896020161080 00003
7896020162537 00003
7896026300315 00003
7896026303002 00003
7896033221023 00003
7896044937210 00003
7896094905825 00003
7896094906020 00003
7896094906624 00003
7896094910904 00003
7896094914070 00003
7896094916227 00003
7896104994054 00003
7896112100584 00003
7896112110323 00003
7896112118763 00003
7896112122494 00003
7896112124900 00003
7896112138389 00003
7896112151203 00003
7896112181729 00003
7896112189121 00003
7896112401667 00003
7896150001096 00003
7896150001256 00003
7896181907176 00003
7896203101742 00003
7896203102954 00003
7896221806537 00003
7896227620106 00003
7896229909599 00003
7896235353249 00003
7896261000223 00003
7896273051831 00003
7896313207273 00003
7896331702583 00003
7896331705522 00003
7896331706444 00003
7896331706451 00003
7896331706802 00003
7896331707045 00003
7896331707557 00003
7896444210630 00003
7896472502776 00003
7896512900111 00003
7896512904089 00003
7896522021721 00003
7896522033953 00003
7896523206806 00003
7896523213408 00003
7896523213828 00003
7896523214306 00003
7896523216454 00003
7896523216461 00003
7896523223223 00003
7896544910058 00003
7896548111727 00003
7896548133613 00003
7896548198285 00003
7896637022439 00003
7896637023238 00003
7896637023641 00003
7896637023665 00003
7896699013123 00003
7896699016650 00003
7896699016674 00003
7896699021746 00003
7896699023764 00003
7896699023788 00003
7896699029179 00003
7896699030700 00003
7896699030724 00003
7896699031660 00003
7896714200743 00003
7896714200804 00003
7896714203515 00003
7896714203768 00003
7896714217185 00003
7896714219318 00003
7896714221847 00003
7896806700069 00003
7896852611050 00003
7896862970154 00003
7896902206458 00003
7896902209749 00003
7896902211254 00003
7896902211896 00003
7896902214859 00003
7896902215740 00003
7897146650304 00003
7897161360066 00003
7897161371130 00003
7897161390025 00003
7897161390308 00003
7897161390339 00003
7897211100192 00003
7897230301785 00003
7897230301990 00003
7897230302317 00003
7897322702209 00003
7897517903558 00003
7897517912031 00003
7897595602510 00003
7897595624604 00003
7897595624642 00003
7897732610965 00003
7897917000215 00003
7897947603950 00003
7897947606913 00003
7897947607859 00003
7897947611870 00003
7897947613072 00003
7898014561142 00003
7898040323141 00003
7898040324223 00003
7898049797479 00003
7898060138237 00003
7898067950955 00003
7898079000129 00003
7898118240271 00003
7898133134685 00003
7898133134760 00003
7898133136757 00003
7898133138898 00003
7898148291533 00003
7898157726767 00003
7898158692221 00003
7898158692238 00003
7898211382069 00003
7898211383158 00003
7898216362431 00003
7898277710950 00003
7898277713210 00003
7898277713319 00003
7898378509675 00003
7898466606170 00003
7898495602327 00003
7898495603843 00003
7898524341920 00003
7898556850261 00003
7898566783603 00003
7898569763077 00003
7898569764517 00003
7898569765514 00003
7898581080497 00003
7898581087847 00003
7898602961309 00003
7898612640522 00003
7898612645114 00003
7898623951273 00003
7898636190874 00003
7898650421701 00003
7898910761295 00003
7898910761363 00003
7898924640227 00003
7898939082548 00003
7898939082555 00003
7898940257577 00003
7898940257676 00003
7898940257690 00003
7898947017150 00003
7898949409519 00003
7898949409533 00003
7898949409540 00003
7898949409557 00003
7898956503217 00003
7898964301089 00003
7899026420595 00003
7899095203686 00003
7899095239586 00003
7899095241497 00003
7899470805221 00003
7899470805955 00003
7899547500233 00003
7899547502565 00003
7899547507430 00003
7899547513042 00003
7899547528459 00003
7899547529180 00003
7899547529197 00003
7899547529203 00003
7899547529210 00003
7899620913202 00003
7899706134156 00003
7899706181006 00003
7899811100275 00003
8321084600507 00003
8321084600545 00003
8321084600552 00003
0000040060736 00004
0000042360414 00004
0000078936256 00004
0020800600347 00004
0041333121062 00004
4005900646491 00004
4015400151715 00004
4015400151746 00004
4015400763697 00004
7500435140522 00004
7500435151948 00004
7500435154772 00004
7506339337525 00004
7791293032436 00004
7791969016029 00004
7891000049051 00004
7891000049273 00004
7891000062722 00004
7891000065389 00004
7891000079515 00004
7891010249939 00004
7891024035047 00004
7891045008433 00004
7891060836264 00004
7891106914086 00004
7891317124038 00004
7891317172657 00004
7891350034936 00004
7891721000126 00004
7891721019791 00004
7891721023484 00004
7893454100678 00004
7893454510217 00004
7894164005239 00004
7894164006182 00004
7894916140171 00004
7894916143431 00004
7894916149662 00004
7895144892931 00004
7895296034029 00004
7896004705088 00004
7896004705682 00004
7896004708744 00004
7896004713861 00004
7896004718309 00004
7896004720838 00004
7896004723570 00004
7896004811574 00004
7896006206781 00004
7896007200382 00004
7896007200405 00004
7896007201358 00004
7896007549672 00004
7896007550050 00004
7896007550210 00004
7896007551026 00004
7896017721013 00004
7896020153832 00004
7896020154532 00004
7896020159964 00004
7896020160052 00004
7896020160151 00004
7896020160182 00004
7896020161103 00004
7896020162476 00004
7896064487016 00004
7896067200551 00004
7896070601772 00004
7896094201637 00004
7896104994047 00004
7896112101345 00004
7896112110354 00004
7896181921288 00004
7896224410687 00004
7896227800812 00004
7896313207235 00004
7896331700404 00004
7896331700459 00004
7896331702545 00004
7896331704037 00004
7896331705058 00004
7896331705270 00004
7896331705348 00004
7896331707021 00004
7896523200026 00004
7896523206547 00004
7896523210759 00004
7896523213590 00004
7896658001079 00004
7896658005589 00004
7896699011433 00004
7896699021760 00004
7896714230238 00004
7896714269870 00004
7896714269900 00004
7896862940041 00004
7896902207523 00004
7896902214828 00004
7897158700011 00004
7897161394498 00004
7897512904383 00004
7897848501065 00004
7897917000093 00004
7897947607996 00004
7898060132761 00004
7898067950948 00004
7898079002864 00004
7898133135606 00004
7898133137334 00004
7898133137372 00004
7898148294596 00004
7898148296255 00004
7898148299010 00004
7898158693112 00004
7898211382809 00004
7898283815021 00004
7898301058515 00004
7898301059345 00004
7898342520392 00004
7898442093178 00004
7898442094748 00004
7898463295247 00004
7898463296824 00004
7898600811538 00004
7898650421718 00004
7898902180530 00004
7898931019252 00004
7898931019269 00004
7899095201316 00004
7899095203990 00004
7899095239982 00004
7899095256323 00004
7899470800882 00004
7899547504521 00004
7899547522556 00004
7899547522877 00004
7899547527681 00004
7899547530810 00004
7899620913028 00004
7899620914711 00004
7899674017116 00004
7899706130912 00004
7899706161565 00004
7899941200128 00004
8321084600491 00004
8321084600583 00004
0000078905108 00005
0000078929388 00005
4005900294722 00005
7500435146906 00005
7506339394535 00005
7702018983872 00005
7891010034511 00005
7891010245597 00005
7891024024386 00005
7891024034996 00005
7891024132906 00005
7891024136409 00005
7891058017507 00005
7891106905992 00005
7891150019560 00005
7891268400014 00005
7891800000641 00005
7891800628371 00005
7891899083105 00005
7893454300115 00005
7896004703428 00005
7896004705156 00005
7896004706559 00005
7896004715292 00005
7896004715742 00005
7896004728858 00005
7896004734026 00005
7896004817477 00005
7896007200351 00005
7896007200368 00005
7896007200399 00005
7896007547173 00005
7896007547654 00005
7896015522506 00005
7896046704797 00005
7896061995477 00005
7896067202340 00005
7896094917545 00005
7896104993880 00005
7896112110347 00005
7896112141655 00005
7896229909575 00005
7896261000797 00005
7896331701104 00005
7896331702828 00005
7896331705263 00005
7896331706482 00005
7896512911933 00005
7896523206288 00005
7896523207667 00005
7896523207681 00005
7896523213569 00005
7896523216478 00005
7896641802850 00005
7896641805943 00005
7896699031615 00005
7896714215037 00005
7896714254784 00005
7896714273471 00005
7896714273525 00005
7896862990107 00005
7896902205758 00005
7896902211421 00005
7896902211438 00005
7896902218567 00005
7897732603349 00005
7897848502499 00005
7897917000048 00005
7897917000963 00005
7897947600294 00005
7897947614758 00005
7898048692737 00005
7898049792672 00005
7898079000266 00005
7898079000518 00005
7898100242900 00005
7898133019609 00005
7898133131837 00005
7898133135941 00005
7898133136047 00005
7898148290291 00005
7898148293490 00005
7898148295340 00005
7898148296491 00005
7898342522594 00005
7898422746759 00005
7898422746827 00005
7898591450600 00005
7898602960975 00005
7898931019023 00005
7898931019047 00005
7898956503231 00005
7899095200296 00005
7899095201415 00005
7899095203594 00005
7899470802275 00005
7899547511031 00005
8321084600484 00005
8321084600538 00005
8901148243675 00005
0000078911239 00006
0650240012730 00006
7500435146173 00006
7506339325249 00006
7506339326031 00006
7891000049105 00006
7891010031633 00006
7891010035631 00006
7891010694593 00006
7891058001155 00006
7891058020286 00006
7891058022815 00006
7891142177032 00006
7891268400113 00006
7891317120863 00006
7893736010053 00006
7894650079423 00006
7894916146401 00006
7895296031035 00006
7896004705057 00006
7896004707846 00006
7896004708751 00006
7896004715230 00006
7896004716640 00006
7896004729428 00006
7896004749624 00006
7896004751641 00006
7896004813172 00006
7896006280507 00006
7896007201259 00006
7896007201297 00006
7896007201662 00006
7896007540600 00006
7896007540624 00006
7896007547647 00006
7896007549641 00006
7896067200162 00006
7896070601871 00006
7896075701033 00006
7896112120292 00006
7896112126669 00006
7896112148685 00006
7896112161158 00006
7896212478750 00006
7896331706642 00006
7896331707120 00006
7896436906374 00006
7896444210814 00006
7896472500253 00006
7896472501823 00006
7896472502769 00006
7896523207919 00006
7896523222783 00006
7896544900073 00006
7896714201108 00006
7896714266916 00006
7896714270029 00006
7896862910136 00006
7896862912017 00006
7896902210998 00006
7896902217614 00006
7896902217652 00006
7897161390612 00006
7897161394559 00006
7897169202757 00006
7897512902013 00006
7897848502406 00006
7897917001168 00006
7897947606500 00006
7897947607705 00006
7897947610408 00006
7897947611405 00006
7897947612907 00006
7897947613645 00006
7897947614482 00006
7898079003021 00006
7898118240295 00006
7898133136634 00006
7898148298372 00006
7898148299683 00006
7898216360598 00006
7898277710394 00006
7898301059871 00006
7898442093130 00006
7898463297067 00006
7898495603812 00006
7898601065015 00006
7898902180554 00006
7898903991555 00006
7898920763081 00006
7898936661012 00006
7898956503224 00006
7898960970043 00006
7899095233546 00006
7899547501483 00006
7899547503418 00006
7899547503845 00006
7899547503913 00006
7899547504712 00006
7899547505061 00006
7899620914070 00006
8321084600088 00006
0000078930841 00007
0000078938854 00007
7500435146166 00007
7500435150309 00007
7891317496388 00007
7891800000689 00007
7891800204667 00007
7891800364866 00007
7891899083068 00007
7894916502900 00007
7895144899947 00007
7896004711423 00007
7896004758268 00007
7896007200306 00007
7896007200313 00007
7896007200344 00007
7896007547913 00007
7896007550203 00007
7896015516970 00007
7896104992708 00007
7896331706994 00007
7896523206790 00007
7896544925458 00007
7896637032353 00007
7896714236223 00007
7896714239712 00007
7896714273006 00007
7896806700021 00007
7897517937041 00007
7898048692584 00007
7898442094687 00007
7898463293489 00007
7898923148533 00007
7899674017079 00007
7899674017093 00007
0000078936867 00008
7506339394603 00008
7622300990732 00008
7891024035078 00008
7891106905961 00008
7895858017316 00008
7896004704289 00008
7896004705873 00008
7896004706528 00008
7896004708423 00008
7896004713366 00008
7896004715247 00008
7896004733302 00008
7896004752525 00008
7896004803456 00008
7896012800829 00008
7896026304627 00008
7896112147640 00008
7896150005032 00008
7896331704808 00008
7896472502110 00008
7896512909787 00008
7896512911865 00008
7896523208985 00008
7897595621030 00008
7898048692386 00008
7898133137471 00008
7898148290406 00008
7898148291984 00008
7898148295210 00008
7898148296552 00008
7898148297542 00008
7898259497817 00008
7898277714002 00008
7898583460136 00008
7898602960159 00008
7898946435573 00008
7898962493137 00008
7898962913543 00008
7899095200661 00008
7899095203266 00008
7899470802268 00008
7899620914438 00008
7908020502586 00008
0070330742222 00009
7500435146142 00009
7891137004121 00009
7891800341966 00009
7894650005712 00009
7896004726182 00009
7896006259701 00009
7896007201525 00009
7896007549627 00009
7896010100297 00009
7896512941947 00009
7896714218700 00009
7896714225562 00009
7896714273556 00009
7897780200323 00009
7897780201818 00009
7897947612266 00009
7897947615250 00009
7898095343125 00009
7898100243570 00009
7898148295159 00009
7898148298747 00009
7898903991500 00009
7898931019238 00009
7899095201187 00009
7899095201903 00009
7908020500735 00009
0000078906884 00010
0000078911222 00010
0742832304719 00010
7622300988470 00010
7800000330243 00010
7891010008147 00010
7891024030981 00010
7894916140423 00010
7896004703954 00010
7896004704333 00010
7896004774237 00010
7896004812168 00010
7896007200375 00010
7896007550234 00010
7896018704206 00010
7896018704299 00010
7896046700249 00010
7896094910683 00010
7896224410724 00010
7896512904621 00010
7896512907493 00010
7896512911940 00010
7896641804465 00010
7896714200705 00010
7896714218267 00010
7896714265933 00010
7896714267395 00010
7896862970208 00010
7898047200773 00010
7898049793143 00010
7898049793235 00010
7898148291335 00010
7898148294473 00010
7898148297269 00010
7898943300034 00010
7899095204454 00010
7899095252011 00010
7899470804576 00010
7899547513219 00010
7899547513226 00010
7899700800095 00010
7899700800330 00010
7899785200865 00010
7891040081738 00011
7891058002916 00011
7891060822977 00011
7894650130070 00011
7896004714196 00011
7896004714578 00011
7896007550043 00011
7896523210797 00011
7896714230023 00011
7898049797455 00011
7898148292806 00011
7898148299317 00011
7898920763050 00011
7898931019245 00011
7898931019313 00011
7899095203273 00011
0000078938816 00012
0000078938830 00012
7500435154420 00012
7500435157476 00012
7622210564436 00012
7622210839640 00012
7891024035191 00012
7893590567090 00012
7894164002597 00012
7896004718453 00012
7896026301428 00012
7896112145776 00012
7896181925149 00012
7896714273822 00012
7896902218406 00012
7897161353020 00012
7897161353068 00012
7897917001694 00012
7898048692645 00012
7898079003380 00012
7898216361595 00012
7898962493250 00012
7899470802565 00012
7899547507973 00012
7899547528633 00012
7899620911307 00012
0000078600010 00013
7894913002601 00013
7895296254014 00013
7896004704326 00013
7896015517090 00013
7896094910546 00013
7896112140306 00013
7896902210813 00013
7898024393191 00013
7898148291267 00013
7898148298587 00013
7898158690586 00013
7899547531251 00013
7899620910485 00013
0000077961419 00014
0000078938793 00014
7891172172106 00014
7894164006007 00014
7896112197126 00014
7897161360219 00014
7897732600638 00014
7898049792351 00014
7898133137358 00014
7898166040847 00014
7899095236400 00014
7899547527971 00014
7899941200104 00014
7891058002664 00015
7894164001132 00015
7896006249474 00015
7896007547128 00015
7896229960149 00015
7896438201392 00015
7896544925014 00015
7896714211978 00015
7896714230504 00015
7896902210479 00015
7896902211544 00015
7898931019030 00015
7899095205062 00015
7894916144605 00016
7897947606517 00016
7898961469584 00016
7899470805726 00016
7899947311729 00016
7894916143448 00017
7896227800805 00017
7896523206080 00017
7896622305837 00017
7899547524789 00017
7891142200181 00018
7896004704135 00018
7896714240206 00018
7896714269931 00018
7896888500120 00018
7898133137396 00018
7898463296725 00018
0000078938847 00019
7891268044409 00019
7896714207551 00019
7898010921148 00019
7898133134784 00019
7899620910478 00019
7622300862299 00020
7891134001819 00020
7891800341997 00020
7895858017309 00020
7896015511159 00020
7896902206380 00020
7898658621073 00020
7899095264021 00020
7899547527650 00020
7622210857774 00021
7622210858245 00021
7622210878946 00021
7894488000019 00021
7895800400142 00021
7896020417149 00021
7897161371024 00021
7899828211261 00021
0000078939318 00022
7896015521646 00022
7896094916609 00022
7896523202822 00022
7897169211872 00022
7898133137297 00022
7899547502039 00022
7891055323502 00023
7896714219301 00023
7898148298877 00023
7898283813812 00023
7899547528619 00023
7896006234067 00024
7897161371000 00024
7897780220871 00024
7898049790180 00024
7898148298914 00024
7898911244643 00024
7891104193087 00025
7895800911150 00025
7896004700502 00025
7896094903104 00025
7896094906310 00025
7896112160311 00025
7896714210070 00025
7896714257594 00025
7896714269917 00025
7896862970031 00025
7897512900125 00025
7898142852709 00025
7895800201503 00027
7895800304211 00027
7897161371017 00027
7898060131504 00027
0736532098665 00028
7891800629545 00028
7896090604517 00028
7896331707199 00028
7896523202600 00028
7898283815038 00028
7899547528626 00028
7898106008883 00030
7898133131028 00030
7898509768797 00030
7899095264182 00030
7895800304228 00031
7896094912472 00031
7896331701029 00031
7896523210414 00031
7898133137969 00031
7891172171666 00032
7891800629552 00032
7897512900811 00032
7622210641939 00033
7891058021740 00033
7899547531206 00033
7896331705812 00034
7891800629538 00035
7896523200576 00035
7898148290376 00035
7898198862301 00036
7898100243112 00037
7899095233928 00037
7896714231143 00038
7896094912977 00039
7896523206110 00039
7896714213446 00039
7898031312352 00042
7898049793310 00042
7897947613614 00045
7899095201972 00048
7896019602006 00050
7899095221338 00050
7896112147985 00051
7898133130410 00052
7896714200699 00053
7896523226972 00054
7898259490726 00054
7896714208565 00056
7896714227375 00057
7898283814734 00057
7898148292936 00058
7896331702620 00060
7896331705096 00062
0000078936249 00064
7899095265639 00067
7898179710065 00080
7896331705423 00086
7896230304550 00087
0048675991001 00088
7898031311034 00092
7896093001030 00096
7896181928683 00100
7896331706611 00100
7895144080338 00102
7896138700072 00111
7896331703443 00120
7898148295142 00125
7898148294121 00150
7896004739625 00175
7898954425146 00196
7897947607088 00361
7898259490528 00373
7898953484489 00494
7891058017392 00690
7898259495028 01306
